// Faure Fast (interface to Burkardt/C++)
       0       0.998400       0.574400       0.950400       0.046400
       1       0.000320       0.374720       0.117120       0.155520
       2       0.200320       0.374720       0.117120       0.155520
       3       0.400320       0.374720       0.117120       0.155520
       4       0.600320       0.374720       0.117120       0.155520

// Scilab macros (Glasserman)
       1       0.998400       0.374400       0.150400       0.046400
       2       0.000320       0.374720       0.317120       0.355520
       3       0.200320       0.574720       0.517120       0.555520
       4       0.400320       0.774720       0.717120       0.755520
       5       0.600320       0.974720       0.917120       0.955520

// TOMS 647
         1        0.998400      0.374400      0.150400      0.046400
         2        0.000320      0.374720      0.317120      0.355520
         3        0.200320      0.574720      0.517120      0.555520
         4        0.400320      0.774720      0.717120      0.755520
         5        0.600320      0.974720      0.917120      0.955520

// Burkardt/C++
    -1     625     0.9984      0.5744      0.9504      0.0464  
   625     626     0.00032     0.37472     0.11712     0.15552  
   626     627     0.20032     0.37472     0.11712     0.15552  
   627     628     0.40032     0.37472     0.11712     0.15552  
   628     629     0.60032     0.37472     0.11712     0.15552  
   629     630     0.80032     0.37472     0.11712     0.15552  
   630     631     0.04032     0.41472     0.35712     0.39552  
   631     632     0.24032     0.41472     0.35712     0.39552  
   632     633     0.44032     0.41472     0.35712     0.39552  
   633     634     0.64032     0.41472     0.35712     0.39552  

